0.00083909 0.0056162 0.024543 0.076503 0.16513
0.0012819 0.0077704 0.030729 0.086924 0.17137
0.0018319 0.010272 0.0374 0.097137 0.17577
0.0025021 0.013134 0.044508 0.10698 0.17822
0.0033056 0.016367 0.051994 0.11629 0.17864
0.0042558 0.019978 0.059789 0.12492 0.17701
0.0053656 0.023968 0.067816 0.1327 0.17332
0.0066481 0.028334 0.075989 0.13949 0.1676
0.0081157 0.033068 0.084215 0.14517 0.15992
0.0097803 0.038156 0.092395 0.14959 0.15039
0.011653 0.043578 0.10043 0.15267 0.13914
0.013744 0.049311 0.1082 0.15431 0.12633
0.016062 0.055324 0.11561 0.15445 0.11217
0.018614 0.06158 0.12254 0.15304 0.09687
0.021408 0.068039 0.12889 0.15006 0.080672
0.024446 0.074653 0.13455 0.14552 0.063834
0.027732 0.081371 0.13942 0.13944 0.046626
0.031266 0.088137 0.14342 0.13187 0.029324
0.035047 0.094892 0.14644 0.12288 0.012207
0.039071 0.10157 0.14842 0.11259 -0.0044488
0.043331 0.10811 0.14929 0.1011 -0.020375
0.047819 0.11444 0.14899 0.088559 -0.035316
0.052525 0.12049 0.1475 0.075133 -0.049036
0.057434 0.12619 0.14478 0.060996 -0.061317
0.062531 0.13147 0.14082 0.046339 -0.071972
0.067799 0.13627 0.13564 0.031364 -0.080842
0.073216 0.14051 0.12925 0.01628 -0.087798
0.078761 0.14414 0.12169 0.0012999 -0.092751
0.084407 0.14709 0.11302 -0.013361 -0.095645
0.09013 0.14931 0.10332 -0.027492 -0.096465
0.095901 0.15074 0.092657 -0.040887 -0.095231
0.10169 0.15135 0.081145 -0.053352 -0.092005
0.10747 0.1511 0.068895 -0.064705 -0.086882
0.1132 0.14995 0.056034 -0.074778 -0.079994
0.11885 0.14788 0.042696 -0.083427 -0.071504
0.12439 0.14489 0.029028 -0.090524 -0.061606
0.12979 0.14097 0.015182 -0.095971 -0.050519
0.13501 0.13612 0.0013133 -0.09969 -0.038482
0.14002 0.13035 -0.012418 -0.10163 -0.025753
0.14478 0.12369 -0.025851 -0.10178 -0.012599
0.14927 0.11618 -0.038829 -0.10015 0.00070446
0.15346 0.10784 -0.051197 -0.096765 0.013881
0.15732 0.098726 -0.062805 -0.0917 0.026658
0.16082 0.088903 -0.073514 -0.085045 0.038774
0.16393 0.07843 -0.083193 -0.076921 0.049979
0.16665 0.06738 -0.091723 -0.06747 0.060046
0.16894 0.05583 -0.098999 -0.056858 0.068768
0.17079 0.043864 -0.10493 -0.045269 0.075968
0.17219 0.031569 -0.10945 -0.032901 0.0815
0.17313 0.019037 -0.11249 -0.019969 0.085252
0.1736 0.0063618 -0.11402 -0.0066947 0.087147
0.1736 -0.0063618 -0.11402 0.0066947 0.087147
0.17313 -0.019037 -0.11249 0.019969 0.085252
0.17219 -0.031569 -0.10945 0.032901 0.0815
0.17079 -0.043864 -0.10493 0.045269 0.075968
0.16894 -0.05583 -0.098999 0.056858 0.068768
0.16665 -0.06738 -0.091723 0.06747 0.060046
0.16393 -0.07843 -0.083193 0.076921 0.049979
0.16082 -0.088903 -0.073514 0.085045 0.038774
0.15732 -0.098726 -0.062805 0.0917 0.026658
0.15346 -0.10784 -0.051197 0.096765 0.013881
0.14927 -0.11618 -0.038829 0.10015 0.00070446
0.14478 -0.12369 -0.025851 0.10178 -0.012599
0.14002 -0.13035 -0.012418 0.10163 -0.025753
0.13501 -0.13612 0.0013133 0.09969 -0.038482
0.12979 -0.14097 0.015182 0.095971 -0.050519
0.12439 -0.14489 0.029028 0.090524 -0.061606
0.11885 -0.14788 0.042696 0.083427 -0.071504
0.1132 -0.14995 0.056034 0.074778 -0.079994
0.10747 -0.1511 0.068895 0.064705 -0.086882
0.10169 -0.15135 0.081145 0.053352 -0.092005
0.095901 -0.15074 0.092657 0.040887 -0.095231
0.09013 -0.14931 0.10332 0.027492 -0.096465
0.084407 -0.14709 0.11302 0.013361 -0.095645
0.078761 -0.14414 0.12169 -0.0012999 -0.092751
0.073216 -0.14051 0.12925 -0.01628 -0.087798
0.067799 -0.13627 0.13564 -0.031364 -0.080842
0.062531 -0.13147 0.14082 -0.046339 -0.071972
0.057434 -0.12619 0.14478 -0.060996 -0.061317
0.052525 -0.12049 0.1475 -0.075133 -0.049036
0.047819 -0.11444 0.14899 -0.088559 -0.035316
0.043331 -0.10811 0.14929 -0.1011 -0.020375
0.039071 -0.10157 0.14842 -0.11259 -0.0044488
0.035047 -0.094892 0.14644 -0.12288 0.012207
0.031266 -0.088137 0.14342 -0.13187 0.029324
0.027732 -0.081371 0.13942 -0.13944 0.046626
0.024446 -0.074653 0.13455 -0.14552 0.063834
0.021408 -0.068039 0.12889 -0.15006 0.080672
0.018614 -0.06158 0.12254 -0.15304 0.09687
0.016062 -0.055324 0.11561 -0.15445 0.11217
0.013744 -0.049311 0.1082 -0.15431 0.12633
0.011653 -0.043578 0.10043 -0.15267 0.13914
0.0097803 -0.038156 0.092395 -0.14959 0.15039
0.0081157 -0.033068 0.084215 -0.14517 0.15992
0.0066481 -0.028334 0.075989 -0.13949 0.1676
0.0053656 -0.023968 0.067816 -0.1327 0.17332
0.0042558 -0.019978 0.059789 -0.12492 0.17701
0.0033056 -0.016367 0.051994 -0.11629 0.17864
0.0025021 -0.013134 0.044508 -0.10698 0.17822
0.0018319 -0.010272 0.0374 -0.097137 0.17577
0.0012819 -0.0077704 0.030729 -0.086924 0.17137
0.00083909 -0.0056162 0.024543 -0.076503 0.16513
